NAME: test8
TYPE: TSP
COMMENT: 8 cities in Bavaria, street distances (Groetschel,Juenger,Reinelt)
DIMENSION: 8
EDGE_WEIGHT_TYPE: EXPLICIT
EDGE_WEIGHT_FORMAT: FULL_MATRIX 
DISPLAY_DATA_TYPE: TWOD_DISPLAY
EDGE_WEIGHT_SECTION
   0 107 241 190 124  80 316  76
 107   0 148 137  88 127 336 183
 241 148   0 374 171 259 509 317
 190 137 374   0 202 234 222 192
 124  88 171 202   0  61 392 202
  80 127 259 234  61   0 386 141
 316 336 509 222 392 386   0 233
  76 183 317 192 202 141 233   0
DISPLAY_DATA_SECTION
   1    1150.0  1760.0
   2     630.0  1660.0
   3      40.0  2090.0
   4     750.0  1100.0
   5     750.0  2030.0
   6    1030.0  2070.0
   7    1650.0   650.0
   8    1490.0  1630.0
   9     790.0  2260.0
  10     710.0  1310.0
EOF
